co2vmr = 0.00220586392607489
no2vmr = 4.12941922570398e-07 
ch4vmr = 1.15317765018878e-06
